(kicad_pcb (version 20171130) (host pcbnew "(5.0.0)")

  (general
    (thickness 1.6)
    (drawings 11)
    (tracks 1219)
    (zones 0)
    (modules 16)
    (nets 76)
  )

  (page A4 portrait)
  (title_block
    (title "Sega Megadrive Programmable 1MB Cartridge")
    (rev 1)
    (comment 1 "file, You can obtain one at http://mozilla.org/MPL/2.0/.")
    (comment 2 "License, v. 2.0. If a copy of the MPL was not distributed with this")
    (comment 3 "This Source Code Form is subject to the terms of the Mozilla Public")
  )

  (layers
    (0 F.Cu signal)
    (31 B.Cu signal)
    (32 B.Adhes user)
    (33 F.Adhes user)
    (34 B.Paste user)
    (35 F.Paste user)
    (36 B.SilkS user)
    (37 F.SilkS user)
    (38 B.Mask user)
    (39 F.Mask user)
    (40 Dwgs.User user)
    (41 Cmts.User user)
    (42 Eco1.User user)
    (43 Eco2.User user)
    (44 Edge.Cuts user)
    (45 Margin user)
    (46 B.CrtYd user)
    (47 F.CrtYd user)
    (48 B.Fab user)
    (49 F.Fab user)
  )

  (setup
    (last_trace_width 0.2)
    (trace_clearance 0.2)
    (zone_clearance 0.508)
    (zone_45_only yes)
    (trace_min 0.2)
    (segment_width 0.15)
    (edge_width 0.15)
    (via_size 0.8)
    (via_drill 0.3)
    (via_min_size 0.4)
    (via_min_drill 0.3)
    (uvia_size 0.3)
    (uvia_drill 0.1)
    (uvias_allowed no)
    (uvia_min_size 0.2)
    (uvia_min_drill 0.1)
    (pcb_text_width 0.3)
    (pcb_text_size 1.5 1.5)
    (mod_edge_width 0.15)
    (mod_text_size 1 1)
    (mod_text_width 0.15)
    (pad_size 8 8)
    (pad_drill 6.75)
    (pad_to_mask_clearance 0.2)
    (aux_axis_origin 0 0)
    (visible_elements 7FFFFFFF)
    (pcbplotparams
      (layerselection 0x00030_80000001)
      (usegerberextensions false)
      (usegerberattributes false)
      (usegerberadvancedattributes false)
      (creategerberjobfile false)
      (excludeedgelayer true)
      (linewidth 0.100000)
      (plotframeref false)
      (viasonmask false)
      (mode 1)
      (useauxorigin false)
      (hpglpennumber 1)
      (hpglpenspeed 20)
      (hpglpendiameter 15.000000)
      (psnegative false)
      (psa4output false)
      (plotreference true)
      (plotvalue true)
      (plotinvisibletext false)
      (padsonsilk false)
      (subtractmaskfromsilk false)
      (outputformat 1)
      (mirror false)
      (drillshape 1)
      (scaleselection 1)
      (outputdirectory ""))
  )

  (net 0 "")
  (net 1 +5V)
  (net 2 /A8)
  (net 3 /A9)
  (net 4 /A17)
  (net 5 /D15)
  (net 6 /D14)
  (net 7 /D13)
  (net 8 /D12)
  (net 9 /A7)
  (net 10 /A10)
  (net 11 /A6)
  (net 12 /A11)
  (net 13 /A5)
  (net 14 /A12)
  (net 15 /A4)
  (net 16 /A13)
  (net 17 /A3)
  (net 18 /A14)
  (net 19 /A2)
  (net 20 /A15)
  (net 21 /A1)
  (net 22 /A16)
  (net 23 /A0)
  (net 24 /D7)
  (net 25 /D0)
  (net 26 /D8)
  (net 27 /D6)
  (net 28 /D1)
  (net 29 /D9)
  (net 30 /D5)
  (net 31 /D2)
  (net 32 /D10)
  (net 33 /D4)
  (net 34 /D3)
  (net 35 /D11)
  (net 36 /A18)
  (net 37 GND)
  (net 38 "Net-(CON1-PadB01)")
  (net 39 "Net-(CON1-PadB02)")
  (net 40 "Net-(CON1-PadB03)")
  (net 41 "Net-(CON1-PadB08)")
  (net 42 A20)
  (net 43 "Net-(CON1-PadB10)")
  (net 44 "Net-(CON1-PadB11)")
  (net 45 "Net-(CON1-PadB12)")
  (net 46 "Net-(CON1-PadB13)")
  (net 47 "Net-(CON1-PadB14)")
  (net 48 "Net-(CON1-PadB15)")
  (net 49 ~OUT)
  (net 50 ~CE)
  (net 51 "Net-(CON1-PadB18)")
  (net 52 "Net-(CON1-PadB19)")
  (net 53 "Net-(CON1-PadB20)")
  (net 54 "Net-(CON1-PadB21)")
  (net 55 "Net-(CON1-PadB26)")
  (net 56 "Net-(CON1-PadB27)")
  (net 57 "Net-(CON1-PadB28)")
  (net 58 "Net-(CON1-PadB29)")
  (net 59 "Net-(CON1-PadB30)")
  (net 60 "Net-(CON1-PadB31)")
  (net 61 "Net-(CON1-PadB32)")
  (net 62 "Net-(R3-Pad2)")
  (net 63 "Net-(R4-Pad2)")
  (net 64 "Net-(R5-Pad2)")
  (net 65 "Net-(R6-Pad2)")
  (net 66 /OUT)
  (net 67 ~WE)
  (net 68 /~A20)
  (net 69 ~OE)
  (net 70 "Net-(U2-Pad9)")
  (net 71 "Net-(U2-Pad10)")
  (net 72 "Net-(U2-Pad13)")
  (net 73 "Net-(U2-Pad14)")
  (net 74 "Net-(U2-Pad15)")
  (net 75 "Net-(U3-Pad1)")

  (net_class Default "This is the default net class."
    (clearance 0.2)
    (trace_width 0.2)
    (via_dia 0.8)
    (via_drill 0.3)
    (uvia_dia 0.3)
    (uvia_drill 0.1)
    (add_net +5V)
    (add_net /A0)
    (add_net /A1)
    (add_net /A10)
    (add_net /A11)
    (add_net /A12)
    (add_net /A13)
    (add_net /A14)
    (add_net /A15)
    (add_net /A16)
    (add_net /A17)
    (add_net /A18)
    (add_net /A2)
    (add_net /A3)
    (add_net /A4)
    (add_net /A5)
    (add_net /A6)
    (add_net /A7)
    (add_net /A8)
    (add_net /A9)
    (add_net /D0)
    (add_net /D1)
    (add_net /D10)
    (add_net /D11)
    (add_net /D12)
    (add_net /D13)
    (add_net /D14)
    (add_net /D15)
    (add_net /D2)
    (add_net /D3)
    (add_net /D4)
    (add_net /D5)
    (add_net /D6)
    (add_net /D7)
    (add_net /D8)
    (add_net /D9)
    (add_net /OUT)
    (add_net /~A20)
    (add_net A20)
    (add_net GND)
    (add_net "Net-(CON1-PadB01)")
    (add_net "Net-(CON1-PadB02)")
    (add_net "Net-(CON1-PadB03)")
    (add_net "Net-(CON1-PadB08)")
    (add_net "Net-(CON1-PadB10)")
    (add_net "Net-(CON1-PadB11)")
    (add_net "Net-(CON1-PadB12)")
    (add_net "Net-(CON1-PadB13)")
    (add_net "Net-(CON1-PadB14)")
    (add_net "Net-(CON1-PadB15)")
    (add_net "Net-(CON1-PadB18)")
    (add_net "Net-(CON1-PadB19)")
    (add_net "Net-(CON1-PadB20)")
    (add_net "Net-(CON1-PadB21)")
    (add_net "Net-(CON1-PadB26)")
    (add_net "Net-(CON1-PadB27)")
    (add_net "Net-(CON1-PadB28)")
    (add_net "Net-(CON1-PadB29)")
    (add_net "Net-(CON1-PadB30)")
    (add_net "Net-(CON1-PadB31)")
    (add_net "Net-(CON1-PadB32)")
    (add_net "Net-(R3-Pad2)")
    (add_net "Net-(R4-Pad2)")
    (add_net "Net-(R5-Pad2)")
    (add_net "Net-(R6-Pad2)")
    (add_net "Net-(U2-Pad10)")
    (add_net "Net-(U2-Pad13)")
    (add_net "Net-(U2-Pad14)")
    (add_net "Net-(U2-Pad15)")
    (add_net "Net-(U2-Pad9)")
    (add_net "Net-(U3-Pad1)")
    (add_net ~CE)
    (add_net ~OE)
    (add_net ~OUT)
    (add_net ~WE)
  )

  (module Connect:1pin (layer F.Cu) (tedit 5B968DBC) (tstamp 59F99357)
    (at 70.6 149.5)
    (descr "module 1 pin (ou trou mecanique de percage)")
    (tags DEV)
    (fp_text reference DRL2 (at 0.2 0.1) (layer F.SilkS) hide
      (effects (font (size 1 1) (thickness 0.15)))
    )
    (fp_text value 1pin (at 0 3) (layer F.Fab)
      (effects (font (size 1 1) (thickness 0.15)))
    )
    (fp_circle (center 0 0) (end 2 0.8) (layer F.Fab) (width 0.1))
    (fp_circle (center 0 0) (end 2.6 0) (layer F.CrtYd) (width 0.05))
    (fp_circle (center 0 0) (end 0 -2.286) (layer F.SilkS) (width 0.12))
    (pad "" np_thru_hole circle (at 0 0) (size 8 8) (drill 6.75) (layers *.Cu *.Mask))
  )

  (module Connect:1pin (layer F.Cu) (tedit 5B968DA6) (tstamp 59F99469)
    (at 140.6 149.5)
    (descr "module 1 pin (ou trou mecanique de percage)")
    (tags DEV)
    (fp_text reference DRL1 (at 0.4 -0.2) (layer F.SilkS) hide
      (effects (font (size 1 1) (thickness 0.15)))
    )
    (fp_text value 1pin (at 0 3) (layer F.Fab)
      (effects (font (size 1 1) (thickness 0.15)))
    )
    (fp_circle (center 0 0) (end 2 0.8) (layer F.Fab) (width 0.1))
    (fp_circle (center 0 0) (end 2.6 0) (layer F.CrtYd) (width 0.05))
    (fp_circle (center 0 0) (end 0 -2.286) (layer F.SilkS) (width 0.12))
    (pad "" np_thru_hole circle (at 0 0) (size 8 8) (drill 6.75) (layers *.Cu *.Mask))
  )

  (module megadrive:md_cart_edge_conn (layer F.Cu) (tedit 59FA16BC) (tstamp 5BA6EA8C)
    (at 66.225 181.5)
    (path /5B96D488)
    (fp_text reference CON1 (at 48.26 -5.08) (layer F.SilkS) hide
      (effects (font (size 1 1) (thickness 0.15)))
    )
    (fp_text value smd_cart_connector_edge (at 35.56 -5.08) (layer F.Fab)
      (effects (font (size 1 1) (thickness 0.15)))
    )
    (fp_text user A32 (at 80.375 -5.8 90) (layer B.SilkS)
      (effects (font (size 1 1) (thickness 0.15)) (justify mirror))
    )
    (fp_text user A1 (at -1.325 -5.3 90) (layer B.SilkS)
      (effects (font (size 1 1) (thickness 0.15)) (justify mirror))
    )
    (fp_text user B1 (at -1.325 -5.3 90) (layer F.SilkS)
      (effects (font (size 1 1) (thickness 0.15)))
    )
    (fp_text user B32 (at 80.375 -5.8 90) (layer F.SilkS)
      (effects (font (size 1 1) (thickness 0.15)))
    )
    (pad B01 smd rect (at 0 0) (size 1.524 6) (layers F.Cu F.Paste F.Mask)
      (net 38 "Net-(CON1-PadB01)") (solder_mask_margin 1))
    (pad B02 smd rect (at 2.54 0) (size 1.524 6) (layers F.Cu F.Paste F.Mask)
      (net 39 "Net-(CON1-PadB02)") (solder_mask_margin 1))
    (pad B03 smd rect (at 5.08 0) (size 1.524 6) (layers F.Cu F.Paste F.Mask)
      (net 40 "Net-(CON1-PadB03)") (solder_mask_margin 1))
    (pad B04 smd rect (at 7.62 0) (size 1.524 6) (layers F.Cu F.Paste F.Mask)
      (net 2 /A8) (solder_mask_margin 1))
    (pad B05 smd rect (at 10.16 0) (size 1.524 6) (layers F.Cu F.Paste F.Mask)
      (net 3 /A9) (solder_mask_margin 1))
    (pad B06 smd rect (at 12.7 0) (size 1.524 6) (layers F.Cu F.Paste F.Mask)
      (net 4 /A17) (solder_mask_margin 1))
    (pad B07 smd rect (at 15.24 0) (size 1.524 6) (layers F.Cu F.Paste F.Mask)
      (net 36 /A18) (solder_mask_margin 1))
    (pad B08 smd rect (at 17.78 0) (size 1.524 6) (layers F.Cu F.Paste F.Mask)
      (net 41 "Net-(CON1-PadB08)") (solder_mask_margin 1))
    (pad B09 smd rect (at 20.32 0) (size 1.524 6) (layers F.Cu F.Paste F.Mask)
      (net 42 A20) (solder_mask_margin 1))
    (pad B10 smd rect (at 22.86 0) (size 1.524 6) (layers F.Cu F.Paste F.Mask)
      (net 43 "Net-(CON1-PadB10)") (solder_mask_margin 1))
    (pad B11 smd rect (at 25.4 0) (size 1.524 6) (layers F.Cu F.Paste F.Mask)
      (net 44 "Net-(CON1-PadB11)") (solder_mask_margin 1))
    (pad B12 smd rect (at 27.94 0) (size 1.524 6) (layers F.Cu F.Paste F.Mask)
      (net 45 "Net-(CON1-PadB12)") (solder_mask_margin 1))
    (pad B13 smd rect (at 30.48 0) (size 1.524 6) (layers F.Cu F.Paste F.Mask)
      (net 46 "Net-(CON1-PadB13)") (solder_mask_margin 1))
    (pad B14 smd rect (at 33.02 0) (size 1.524 6) (layers F.Cu F.Paste F.Mask)
      (net 47 "Net-(CON1-PadB14)") (solder_mask_margin 1))
    (pad B15 smd rect (at 35.56 0) (size 1.524 6) (layers F.Cu F.Paste F.Mask)
      (net 48 "Net-(CON1-PadB15)") (solder_mask_margin 1))
    (pad B16 smd rect (at 38.1 0) (size 1.524 6) (layers F.Cu F.Paste F.Mask)
      (net 49 ~OUT) (solder_mask_margin 1))
    (pad B17 smd rect (at 40.64 0) (size 1.524 6) (layers F.Cu F.Paste F.Mask)
      (net 50 ~CE) (solder_mask_margin 1))
    (pad B18 smd rect (at 43.18 0) (size 1.524 6) (layers F.Cu F.Paste F.Mask)
      (net 51 "Net-(CON1-PadB18)") (solder_mask_margin 1))
    (pad B19 smd rect (at 45.72 0) (size 1.524 6) (layers F.Cu F.Paste F.Mask)
      (net 52 "Net-(CON1-PadB19)") (solder_mask_margin 1))
    (pad B20 smd rect (at 48.26 0) (size 1.524 6) (layers F.Cu F.Paste F.Mask)
      (net 53 "Net-(CON1-PadB20)") (solder_mask_margin 1))
    (pad B21 smd rect (at 50.8 0) (size 1.524 6) (layers F.Cu F.Paste F.Mask)
      (net 54 "Net-(CON1-PadB21)") (solder_mask_margin 1))
    (pad B22 smd rect (at 53.34 0) (size 1.524 6) (layers F.Cu F.Paste F.Mask)
      (net 5 /D15) (solder_mask_margin 1))
    (pad B23 smd rect (at 55.88 0) (size 1.524 6) (layers F.Cu F.Paste F.Mask)
      (net 6 /D14) (solder_mask_margin 1))
    (pad B24 smd rect (at 58.42 0) (size 1.524 6) (layers F.Cu F.Paste F.Mask)
      (net 7 /D13) (solder_mask_margin 1))
    (pad B25 smd rect (at 60.96 0) (size 1.524 6) (layers F.Cu F.Paste F.Mask)
      (net 8 /D12) (solder_mask_margin 1))
    (pad B26 smd rect (at 63.5 0) (size 1.524 6) (layers F.Cu F.Paste F.Mask)
      (net 55 "Net-(CON1-PadB26)") (solder_mask_margin 1))
    (pad B27 smd rect (at 66.04 0) (size 1.524 6) (layers F.Cu F.Paste F.Mask)
      (net 56 "Net-(CON1-PadB27)") (solder_mask_margin 1))
    (pad B28 smd rect (at 68.58 0) (size 1.524 6) (layers F.Cu F.Paste F.Mask)
      (net 57 "Net-(CON1-PadB28)") (solder_mask_margin 1))
    (pad B29 smd rect (at 71.12 0) (size 1.524 6) (layers F.Cu F.Paste F.Mask)
      (net 58 "Net-(CON1-PadB29)") (solder_mask_margin 1))
    (pad B30 smd rect (at 73.66 0) (size 1.524 6) (layers F.Cu F.Paste F.Mask)
      (net 59 "Net-(CON1-PadB30)") (solder_mask_margin 1))
    (pad B31 smd rect (at 76.2 0) (size 1.524 6) (layers F.Cu F.Paste F.Mask)
      (net 60 "Net-(CON1-PadB31)") (solder_mask_margin 1))
    (pad B32 smd rect (at 78.74 0) (size 1.524 6) (layers F.Cu F.Paste F.Mask)
      (net 61 "Net-(CON1-PadB32)") (solder_mask_margin 1))
    (pad A01 smd rect (at 0 0) (size 1.524 6) (layers B.Cu B.Paste B.Mask)
      (net 37 GND) (solder_mask_margin 1))
    (pad A02 smd rect (at 2.54 0) (size 1.524 6) (layers B.Cu B.Paste B.Mask)
      (net 1 +5V) (solder_mask_margin 1))
    (pad A03 smd rect (at 5.08 0) (size 1.524 6) (layers B.Cu B.Paste B.Mask)
      (net 9 /A7) (solder_mask_margin 1))
    (pad A04 smd rect (at 7.62 0) (size 1.524 6) (layers B.Cu B.Paste B.Mask)
      (net 10 /A10) (solder_mask_margin 1))
    (pad A05 smd rect (at 10.16 0) (size 1.524 6) (layers B.Cu B.Paste B.Mask)
      (net 11 /A6) (solder_mask_margin 1))
    (pad A06 smd rect (at 12.7 0) (size 1.524 6) (layers B.Cu B.Paste B.Mask)
      (net 12 /A11) (solder_mask_margin 1))
    (pad A07 smd rect (at 15.24 0) (size 1.524 6) (layers B.Cu B.Paste B.Mask)
      (net 13 /A5) (solder_mask_margin 1))
    (pad A08 smd rect (at 17.78 0) (size 1.524 6) (layers B.Cu B.Paste B.Mask)
      (net 14 /A12) (solder_mask_margin 1))
    (pad A09 smd rect (at 20.32 0) (size 1.524 6) (layers B.Cu B.Paste B.Mask)
      (net 15 /A4) (solder_mask_margin 1))
    (pad A10 smd rect (at 22.86 0) (size 1.524 6) (layers B.Cu B.Paste B.Mask)
      (net 16 /A13) (solder_mask_margin 1))
    (pad A11 smd rect (at 25.4 0) (size 1.524 6) (layers B.Cu B.Paste B.Mask)
      (net 17 /A3) (solder_mask_margin 1))
    (pad A12 smd rect (at 27.94 0) (size 1.524 6) (layers B.Cu B.Paste B.Mask)
      (net 18 /A14) (solder_mask_margin 1))
    (pad A13 smd rect (at 30.48 0) (size 1.524 6) (layers B.Cu B.Paste B.Mask)
      (net 19 /A2) (solder_mask_margin 1))
    (pad A14 smd rect (at 33.02 0) (size 1.524 6) (layers B.Cu B.Paste B.Mask)
      (net 20 /A15) (solder_mask_margin 1))
    (pad A15 smd rect (at 35.56 0) (size 1.524 6) (layers B.Cu B.Paste B.Mask)
      (net 21 /A1) (solder_mask_margin 1))
    (pad A16 smd rect (at 38.1 0) (size 1.524 6) (layers B.Cu B.Paste B.Mask)
      (net 22 /A16) (solder_mask_margin 1))
    (pad A17 smd rect (at 40.64 0) (size 1.524 6) (layers B.Cu B.Paste B.Mask)
      (net 23 /A0) (solder_mask_margin 1))
    (pad A18 smd rect (at 43.18 0) (size 1.524 6) (layers B.Cu B.Paste B.Mask)
      (net 37 GND) (solder_mask_margin 1))
    (pad A19 smd rect (at 45.72 0) (size 1.524 6) (layers B.Cu B.Paste B.Mask)
      (net 24 /D7) (solder_mask_margin 1))
    (pad A20 smd rect (at 48.26 0) (size 1.524 6) (layers B.Cu B.Paste B.Mask)
      (net 25 /D0) (solder_mask_margin 1))
    (pad A21 smd rect (at 50.8 0) (size 1.524 6) (layers B.Cu B.Paste B.Mask)
      (net 26 /D8) (solder_mask_margin 1))
    (pad A22 smd rect (at 53.34 0) (size 1.524 6) (layers B.Cu B.Paste B.Mask)
      (net 27 /D6) (solder_mask_margin 1))
    (pad A23 smd rect (at 55.88 0) (size 1.524 6) (layers B.Cu B.Paste B.Mask)
      (net 28 /D1) (solder_mask_margin 1))
    (pad A24 smd rect (at 58.42 0) (size 1.524 6) (layers B.Cu B.Paste B.Mask)
      (net 29 /D9) (solder_mask_margin 1))
    (pad A25 smd rect (at 60.96 0) (size 1.524 6) (layers B.Cu B.Paste B.Mask)
      (net 30 /D5) (solder_mask_margin 1))
    (pad A26 smd rect (at 63.5 0) (size 1.524 6) (layers B.Cu B.Paste B.Mask)
      (net 31 /D2) (solder_mask_margin 1))
    (pad A27 smd rect (at 66.04 0) (size 1.524 6) (layers B.Cu B.Paste B.Mask)
      (net 32 /D10) (solder_mask_margin 1))
    (pad A28 smd rect (at 68.58 0) (size 1.524 6) (layers B.Cu B.Paste B.Mask)
      (net 33 /D4) (solder_mask_margin 1))
    (pad A29 smd rect (at 71.12 0) (size 1.524 6) (layers B.Cu B.Paste B.Mask)
      (net 34 /D3) (solder_mask_margin 1))
    (pad A30 smd rect (at 73.66 0) (size 1.524 6) (layers B.Cu B.Paste B.Mask)
      (net 35 /D11) (solder_mask_margin 1))
    (pad A31 smd rect (at 76.2 0) (size 1.524 6) (layers B.Cu B.Paste B.Mask)
      (net 1 +5V) (solder_mask_margin 1))
    (pad A32 smd rect (at 78.74 0) (size 1.524 6) (layers B.Cu B.Paste B.Mask)
      (net 37 GND) (solder_mask_margin 1))
  )

  (module Capacitor_SMD:C_0805_2012Metric (layer B.Cu) (tedit 5B36C52B) (tstamp 5BA6F2B1)
    (at 104.6 167.1 90)
    (descr "Capacitor SMD 0805 (2012 Metric), square (rectangular) end terminal, IPC_7351 nominal, (Body size source: https://docs.google.com/spreadsheets/d/1BsfQQcO9C6DZCsRaXUlFlo91Tg2WpOkGARC1WS5S8t0/edit?usp=sharing), generated with kicad-footprint-generator")
    (tags capacitor)
    (path /5BA76177)
    (attr smd)
    (fp_text reference C1 (at 0 1.65 90) (layer B.SilkS)
      (effects (font (size 1 1) (thickness 0.15)) (justify mirror))
    )
    (fp_text value 100nF (at 0 -1.65 90) (layer B.Fab)
      (effects (font (size 1 1) (thickness 0.15)) (justify mirror))
    )
    (fp_text user %R (at 0 0 90) (layer B.Fab)
      (effects (font (size 0.5 0.5) (thickness 0.08)) (justify mirror))
    )
    (fp_line (start 1.68 -0.95) (end -1.68 -0.95) (layer B.CrtYd) (width 0.05))
    (fp_line (start 1.68 0.95) (end 1.68 -0.95) (layer B.CrtYd) (width 0.05))
    (fp_line (start -1.68 0.95) (end 1.68 0.95) (layer B.CrtYd) (width 0.05))
    (fp_line (start -1.68 -0.95) (end -1.68 0.95) (layer B.CrtYd) (width 0.05))
    (fp_line (start -0.258578 -0.71) (end 0.258578 -0.71) (layer B.SilkS) (width 0.12))
    (fp_line (start -0.258578 0.71) (end 0.258578 0.71) (layer B.SilkS) (width 0.12))
    (fp_line (start 1 -0.6) (end -1 -0.6) (layer B.Fab) (width 0.1))
    (fp_line (start 1 0.6) (end 1 -0.6) (layer B.Fab) (width 0.1))
    (fp_line (start -1 0.6) (end 1 0.6) (layer B.Fab) (width 0.1))
    (fp_line (start -1 -0.6) (end -1 0.6) (layer B.Fab) (width 0.1))
    (pad 2 smd roundrect (at 0.9375 0 90) (size 0.975 1.4) (layers B.Cu B.Paste B.Mask) (roundrect_rratio 0.25)
      (net 37 GND))
    (pad 1 smd roundrect (at -0.9375 0 90) (size 0.975 1.4) (layers B.Cu B.Paste B.Mask) (roundrect_rratio 0.25)
      (net 1 +5V))
    (model ${KISYS3DMOD}/Capacitor_SMD.3dshapes/C_0805_2012Metric.wrl
      (at (xyz 0 0 0))
      (scale (xyz 1 1 1))
      (rotate (xyz 0 0 0))
    )
  )

  (module Capacitor_SMD:C_0805_2012Metric (layer B.Cu) (tedit 5B36C52B) (tstamp 5B975EC1)
    (at 118.016 150.3038 180)
    (descr "Capacitor SMD 0805 (2012 Metric), square (rectangular) end terminal, IPC_7351 nominal, (Body size source: https://docs.google.com/spreadsheets/d/1BsfQQcO9C6DZCsRaXUlFlo91Tg2WpOkGARC1WS5S8t0/edit?usp=sharing), generated with kicad-footprint-generator")
    (tags capacitor)
    (path /5BA2E721)
    (attr smd)
    (fp_text reference C2 (at 0 1.65 180) (layer B.SilkS)
      (effects (font (size 1 1) (thickness 0.15)) (justify mirror))
    )
    (fp_text value 100nF (at 0 -1.65 180) (layer B.Fab)
      (effects (font (size 1 1) (thickness 0.15)) (justify mirror))
    )
    (fp_line (start -1 -0.6) (end -1 0.6) (layer B.Fab) (width 0.1))
    (fp_line (start -1 0.6) (end 1 0.6) (layer B.Fab) (width 0.1))
    (fp_line (start 1 0.6) (end 1 -0.6) (layer B.Fab) (width 0.1))
    (fp_line (start 1 -0.6) (end -1 -0.6) (layer B.Fab) (width 0.1))
    (fp_line (start -0.258578 0.71) (end 0.258578 0.71) (layer B.SilkS) (width 0.12))
    (fp_line (start -0.258578 -0.71) (end 0.258578 -0.71) (layer B.SilkS) (width 0.12))
    (fp_line (start -1.68 -0.95) (end -1.68 0.95) (layer B.CrtYd) (width 0.05))
    (fp_line (start -1.68 0.95) (end 1.68 0.95) (layer B.CrtYd) (width 0.05))
    (fp_line (start 1.68 0.95) (end 1.68 -0.95) (layer B.CrtYd) (width 0.05))
    (fp_line (start 1.68 -0.95) (end -1.68 -0.95) (layer B.CrtYd) (width 0.05))
    (fp_text user %R (at 0 0 180) (layer B.Fab)
      (effects (font (size 0.5 0.5) (thickness 0.08)) (justify mirror))
    )
    (pad 1 smd roundrect (at -0.9375 0 180) (size 0.975 1.4) (layers B.Cu B.Paste B.Mask) (roundrect_rratio 0.25)
      (net 1 +5V))
    (pad 2 smd roundrect (at 0.9375 0 180) (size 0.975 1.4) (layers B.Cu B.Paste B.Mask) (roundrect_rratio 0.25)
      (net 37 GND))
    (model ${KISYS3DMOD}/Capacitor_SMD.3dshapes/C_0805_2012Metric.wrl
      (at (xyz 0 0 0))
      (scale (xyz 1 1 1))
      (rotate (xyz 0 0 0))
    )
  )

  (module Capacitor_SMD:C_0805_2012Metric (layer B.Cu) (tedit 5B36C52B) (tstamp 5B969FB6)
    (at 141.3 158.6 270)
    (descr "Capacitor SMD 0805 (2012 Metric), square (rectangular) end terminal, IPC_7351 nominal, (Body size source: https://docs.google.com/spreadsheets/d/1BsfQQcO9C6DZCsRaXUlFlo91Tg2WpOkGARC1WS5S8t0/edit?usp=sharing), generated with kicad-footprint-generator")
    (tags capacitor)
    (path /5BA94EF8)
    (attr smd)
    (fp_text reference C3 (at 2.8 0 270) (layer B.SilkS)
      (effects (font (size 1 1) (thickness 0.15)) (justify mirror))
    )
    (fp_text value 100nF (at 0 -1.65 270) (layer B.Fab)
      (effects (font (size 1 1) (thickness 0.15)) (justify mirror))
    )
    (fp_line (start -1 -0.6) (end -1 0.6) (layer B.Fab) (width 0.1))
    (fp_line (start -1 0.6) (end 1 0.6) (layer B.Fab) (width 0.1))
    (fp_line (start 1 0.6) (end 1 -0.6) (layer B.Fab) (width 0.1))
    (fp_line (start 1 -0.6) (end -1 -0.6) (layer B.Fab) (width 0.1))
    (fp_line (start -0.258578 0.71) (end 0.258578 0.71) (layer B.SilkS) (width 0.12))
    (fp_line (start -0.258578 -0.71) (end 0.258578 -0.71) (layer B.SilkS) (width 0.12))
    (fp_line (start -1.68 -0.95) (end -1.68 0.95) (layer B.CrtYd) (width 0.05))
    (fp_line (start -1.68 0.95) (end 1.68 0.95) (layer B.CrtYd) (width 0.05))
    (fp_line (start 1.68 0.95) (end 1.68 -0.95) (layer B.CrtYd) (width 0.05))
    (fp_line (start 1.68 -0.95) (end -1.68 -0.95) (layer B.CrtYd) (width 0.05))
    (fp_text user %R (at 0 0 270) (layer B.Fab)
      (effects (font (size 0.5 0.5) (thickness 0.08)) (justify mirror))
    )
    (pad 1 smd roundrect (at -0.9375 0 270) (size 0.975 1.4) (layers B.Cu B.Paste B.Mask) (roundrect_rratio 0.25)
      (net 1 +5V))
    (pad 2 smd roundrect (at 0.9375 0 270) (size 0.975 1.4) (layers B.Cu B.Paste B.Mask) (roundrect_rratio 0.25)
      (net 37 GND))
    (model ${KISYS3DMOD}/Capacitor_SMD.3dshapes/C_0805_2012Metric.wrl
      (at (xyz 0 0 0))
      (scale (xyz 1 1 1))
      (rotate (xyz 0 0 0))
    )
  )

  (module Resistor_SMD:R_0805_2012Metric (layer F.Cu) (tedit 5B36C52B) (tstamp 5BA6F2E4)
    (at 143.5 169.8)
    (descr "Resistor SMD 0805 (2012 Metric), square (rectangular) end terminal, IPC_7351 nominal, (Body size source: https://docs.google.com/spreadsheets/d/1BsfQQcO9C6DZCsRaXUlFlo91Tg2WpOkGARC1WS5S8t0/edit?usp=sharing), generated with kicad-footprint-generator")
    (tags resistor)
    (path /5BA22A1F)
    (attr smd)
    (fp_text reference R1 (at -2.8 0) (layer F.SilkS)
      (effects (font (size 1 1) (thickness 0.15)))
    )
    (fp_text value 10k (at 0 1.65) (layer F.Fab)
      (effects (font (size 1 1) (thickness 0.15)))
    )
    (fp_line (start -1 0.6) (end -1 -0.6) (layer F.Fab) (width 0.1))
    (fp_line (start -1 -0.6) (end 1 -0.6) (layer F.Fab) (width 0.1))
    (fp_line (start 1 -0.6) (end 1 0.6) (layer F.Fab) (width 0.1))
    (fp_line (start 1 0.6) (end -1 0.6) (layer F.Fab) (width 0.1))
    (fp_line (start -0.258578 -0.71) (end 0.258578 -0.71) (layer F.SilkS) (width 0.12))
    (fp_line (start -0.258578 0.71) (end 0.258578 0.71) (layer F.SilkS) (width 0.12))
    (fp_line (start -1.68 0.95) (end -1.68 -0.95) (layer F.CrtYd) (width 0.05))
    (fp_line (start -1.68 -0.95) (end 1.68 -0.95) (layer F.CrtYd) (width 0.05))
    (fp_line (start 1.68 -0.95) (end 1.68 0.95) (layer F.CrtYd) (width 0.05))
    (fp_line (start 1.68 0.95) (end -1.68 0.95) (layer F.CrtYd) (width 0.05))
    (fp_text user %R (at 0 0) (layer F.Fab)
      (effects (font (size 0.5 0.5) (thickness 0.08)))
    )
    (pad 1 smd roundrect (at -0.9375 0) (size 0.975 1.4) (layers F.Cu F.Paste F.Mask) (roundrect_rratio 0.25)
      (net 53 "Net-(CON1-PadB20)"))
    (pad 2 smd roundrect (at 0.9375 0) (size 0.975 1.4) (layers F.Cu F.Paste F.Mask) (roundrect_rratio 0.25)
      (net 37 GND))
    (model ${KISYS3DMOD}/Resistor_SMD.3dshapes/R_0805_2012Metric.wrl
      (at (xyz 0 0 0))
      (scale (xyz 1 1 1))
      (rotate (xyz 0 0 0))
    )
  )

  (module Resistor_SMD:R_0805_2012Metric (layer F.Cu) (tedit 5B968C2C) (tstamp 5BA6F2F5)
    (at 143.5 171.9)
    (descr "Resistor SMD 0805 (2012 Metric), square (rectangular) end terminal, IPC_7351 nominal, (Body size source: https://docs.google.com/spreadsheets/d/1BsfQQcO9C6DZCsRaXUlFlo91Tg2WpOkGARC1WS5S8t0/edit?usp=sharing), generated with kicad-footprint-generator")
    (tags resistor)
    (path /5BA4F224)
    (attr smd)
    (fp_text reference R2 (at -2.8 0) (layer F.SilkS)
      (effects (font (size 1 1) (thickness 0.15)))
    )
    (fp_text value 10k (at 0 1.65) (layer F.Fab)
      (effects (font (size 1 1) (thickness 0.15)))
    )
    (fp_text user %R (at 0 0) (layer F.Fab)
      (effects (font (size 0.5 0.5) (thickness 0.08)))
    )
    (fp_line (start 1.68 0.95) (end -1.68 0.95) (layer F.CrtYd) (width 0.05))
    (fp_line (start 1.68 -0.95) (end 1.68 0.95) (layer F.CrtYd) (width 0.05))
    (fp_line (start -1.68 -0.95) (end 1.68 -0.95) (layer F.CrtYd) (width 0.05))
    (fp_line (start -1.68 0.95) (end -1.68 -0.95) (layer F.CrtYd) (width 0.05))
    (fp_line (start -0.258578 0.71) (end 0.258578 0.71) (layer F.SilkS) (width 0.12))
    (fp_line (start -0.258578 -0.71) (end 0.258578 -0.71) (layer F.SilkS) (width 0.12))
    (fp_line (start 1 0.6) (end -1 0.6) (layer F.Fab) (width 0.1))
    (fp_line (start 1 -0.6) (end 1 0.6) (layer F.Fab) (width 0.1))
    (fp_line (start -1 -0.6) (end 1 -0.6) (layer F.Fab) (width 0.1))
    (fp_line (start -1 0.6) (end -1 -0.6) (layer F.Fab) (width 0.1))
    (pad 2 smd roundrect (at 0.9375 0) (size 0.975 1.4) (layers F.Cu F.Paste F.Mask) (roundrect_rratio 0.25)
      (net 37 GND))
    (pad 1 smd roundrect (at -0.9375 0) (size 0.975 1.4) (layers F.Cu F.Paste F.Mask) (roundrect_rratio 0.25)
      (net 61 "Net-(CON1-PadB32)"))
    (model ${KISYS3DMOD}/Resistor_SMD.3dshapes/R_0805_2012Metric.wrl
      (at (xyz 0 0 0))
      (scale (xyz 1 1 1))
      (rotate (xyz 0 0 0))
    )
  )

  (module Resistor_SMD:R_0805_2012Metric (layer F.Cu) (tedit 5B36C52B) (tstamp 5BA6F306)
    (at 143.5 174 180)
    (descr "Resistor SMD 0805 (2012 Metric), square (rectangular) end terminal, IPC_7351 nominal, (Body size source: https://docs.google.com/spreadsheets/d/1BsfQQcO9C6DZCsRaXUlFlo91Tg2WpOkGARC1WS5S8t0/edit?usp=sharing), generated with kicad-footprint-generator")
    (tags resistor)
    (path /5BA76166)
    (attr smd)
    (fp_text reference R3 (at 2.8 0 180) (layer F.SilkS)
      (effects (font (size 1 1) (thickness 0.15)))
    )
    (fp_text value 10k (at 0 1.65 180) (layer F.Fab)
      (effects (font (size 1 1) (thickness 0.15)))
    )
    (fp_text user %R (at 0 0 180) (layer F.Fab)
      (effects (font (size 0.5 0.5) (thickness 0.08)))
    )
    (fp_line (start 1.68 0.95) (end -1.68 0.95) (layer F.CrtYd) (width 0.05))
    (fp_line (start 1.68 -0.95) (end 1.68 0.95) (layer F.CrtYd) (width 0.05))
    (fp_line (start -1.68 -0.95) (end 1.68 -0.95) (layer F.CrtYd) (width 0.05))
    (fp_line (start -1.68 0.95) (end -1.68 -0.95) (layer F.CrtYd) (width 0.05))
    (fp_line (start -0.258578 0.71) (end 0.258578 0.71) (layer F.SilkS) (width 0.12))
    (fp_line (start -0.258578 -0.71) (end 0.258578 -0.71) (layer F.SilkS) (width 0.12))
    (fp_line (start 1 0.6) (end -1 0.6) (layer F.Fab) (width 0.1))
    (fp_line (start 1 -0.6) (end 1 0.6) (layer F.Fab) (width 0.1))
    (fp_line (start -1 -0.6) (end 1 -0.6) (layer F.Fab) (width 0.1))
    (fp_line (start -1 0.6) (end -1 -0.6) (layer F.Fab) (width 0.1))
    (pad 2 smd roundrect (at 0.9375 0 180) (size 0.975 1.4) (layers F.Cu F.Paste F.Mask) (roundrect_rratio 0.25)
      (net 62 "Net-(R3-Pad2)"))
    (pad 1 smd roundrect (at -0.9375 0 180) (size 0.975 1.4) (layers F.Cu F.Paste F.Mask) (roundrect_rratio 0.25)
      (net 1 +5V))
    (model ${KISYS3DMOD}/Resistor_SMD.3dshapes/R_0805_2012Metric.wrl
      (at (xyz 0 0 0))
      (scale (xyz 1 1 1))
      (rotate (xyz 0 0 0))
    )
  )

  (module Resistor_SMD:R_0805_2012Metric (layer B.Cu) (tedit 5B36C52B) (tstamp 5BA6F317)
    (at 143.5 169.8 180)
    (descr "Resistor SMD 0805 (2012 Metric), square (rectangular) end terminal, IPC_7351 nominal, (Body size source: https://docs.google.com/spreadsheets/d/1BsfQQcO9C6DZCsRaXUlFlo91Tg2WpOkGARC1WS5S8t0/edit?usp=sharing), generated with kicad-footprint-generator")
    (tags resistor)
    (path /5B990F18)
    (attr smd)
    (fp_text reference R4 (at 2.8 0 180) (layer B.SilkS)
      (effects (font (size 1 1) (thickness 0.15)) (justify mirror))
    )
    (fp_text value 10k (at 0 -1.65 180) (layer B.Fab)
      (effects (font (size 1 1) (thickness 0.15)) (justify mirror))
    )
    (fp_text user %R (at 0 0 180) (layer B.Fab)
      (effects (font (size 0.5 0.5) (thickness 0.08)) (justify mirror))
    )
    (fp_line (start 1.68 -0.95) (end -1.68 -0.95) (layer B.CrtYd) (width 0.05))
    (fp_line (start 1.68 0.95) (end 1.68 -0.95) (layer B.CrtYd) (width 0.05))
    (fp_line (start -1.68 0.95) (end 1.68 0.95) (layer B.CrtYd) (width 0.05))
    (fp_line (start -1.68 -0.95) (end -1.68 0.95) (layer B.CrtYd) (width 0.05))
    (fp_line (start -0.258578 -0.71) (end 0.258578 -0.71) (layer B.SilkS) (width 0.12))
    (fp_line (start -0.258578 0.71) (end 0.258578 0.71) (layer B.SilkS) (width 0.12))
    (fp_line (start 1 -0.6) (end -1 -0.6) (layer B.Fab) (width 0.1))
    (fp_line (start 1 0.6) (end 1 -0.6) (layer B.Fab) (width 0.1))
    (fp_line (start -1 0.6) (end 1 0.6) (layer B.Fab) (width 0.1))
    (fp_line (start -1 -0.6) (end -1 0.6) (layer B.Fab) (width 0.1))
    (pad 2 smd roundrect (at 0.9375 0 180) (size 0.975 1.4) (layers B.Cu B.Paste B.Mask) (roundrect_rratio 0.25)
      (net 63 "Net-(R4-Pad2)"))
    (pad 1 smd roundrect (at -0.9375 0 180) (size 0.975 1.4) (layers B.Cu B.Paste B.Mask) (roundrect_rratio 0.25)
      (net 1 +5V))
    (model ${KISYS3DMOD}/Resistor_SMD.3dshapes/R_0805_2012Metric.wrl
      (at (xyz 0 0 0))
      (scale (xyz 1 1 1))
      (rotate (xyz 0 0 0))
    )
  )

  (module Resistor_SMD:R_0805_2012Metric (layer B.Cu) (tedit 5B36C52B) (tstamp 5BA6F328)
    (at 143.5 171.9 180)
    (descr "Resistor SMD 0805 (2012 Metric), square (rectangular) end terminal, IPC_7351 nominal, (Body size source: https://docs.google.com/spreadsheets/d/1BsfQQcO9C6DZCsRaXUlFlo91Tg2WpOkGARC1WS5S8t0/edit?usp=sharing), generated with kicad-footprint-generator")
    (tags resistor)
    (path /5BA7615E)
    (attr smd)
    (fp_text reference R5 (at 2.8 0 180) (layer B.SilkS)
      (effects (font (size 1 1) (thickness 0.15)) (justify mirror))
    )
    (fp_text value 10k (at 0 -1.65 180) (layer B.Fab)
      (effects (font (size 1 1) (thickness 0.15)) (justify mirror))
    )
    (fp_line (start -1 -0.6) (end -1 0.6) (layer B.Fab) (width 0.1))
    (fp_line (start -1 0.6) (end 1 0.6) (layer B.Fab) (width 0.1))
    (fp_line (start 1 0.6) (end 1 -0.6) (layer B.Fab) (width 0.1))
    (fp_line (start 1 -0.6) (end -1 -0.6) (layer B.Fab) (width 0.1))
    (fp_line (start -0.258578 0.71) (end 0.258578 0.71) (layer B.SilkS) (width 0.12))
    (fp_line (start -0.258578 -0.71) (end 0.258578 -0.71) (layer B.SilkS) (width 0.12))
    (fp_line (start -1.68 -0.95) (end -1.68 0.95) (layer B.CrtYd) (width 0.05))
    (fp_line (start -1.68 0.95) (end 1.68 0.95) (layer B.CrtYd) (width 0.05))
    (fp_line (start 1.68 0.95) (end 1.68 -0.95) (layer B.CrtYd) (width 0.05))
    (fp_line (start 1.68 -0.95) (end -1.68 -0.95) (layer B.CrtYd) (width 0.05))
    (fp_text user %R (at 0 0 180) (layer B.Fab)
      (effects (font (size 0.5 0.5) (thickness 0.08)) (justify mirror))
    )
    (pad 1 smd roundrect (at -0.9375 0 180) (size 0.975 1.4) (layers B.Cu B.Paste B.Mask) (roundrect_rratio 0.25)
      (net 1 +5V))
    (pad 2 smd roundrect (at 0.9375 0 180) (size 0.975 1.4) (layers B.Cu B.Paste B.Mask) (roundrect_rratio 0.25)
      (net 64 "Net-(R5-Pad2)"))
    (model ${KISYS3DMOD}/Resistor_SMD.3dshapes/R_0805_2012Metric.wrl
      (at (xyz 0 0 0))
      (scale (xyz 1 1 1))
      (rotate (xyz 0 0 0))
    )
  )

  (module Resistor_SMD:R_0805_2012Metric (layer B.Cu) (tedit 5B36C52B) (tstamp 5BA6F339)
    (at 143.5 174 180)
    (descr "Resistor SMD 0805 (2012 Metric), square (rectangular) end terminal, IPC_7351 nominal, (Body size source: https://docs.google.com/spreadsheets/d/1BsfQQcO9C6DZCsRaXUlFlo91Tg2WpOkGARC1WS5S8t0/edit?usp=sharing), generated with kicad-footprint-generator")
    (tags resistor)
    (path /5B98AE7D)
    (attr smd)
    (fp_text reference R6 (at 2.8 0 180) (layer B.SilkS)
      (effects (font (size 1 1) (thickness 0.15)) (justify mirror))
    )
    (fp_text value 10k (at 0 -1.65 180) (layer B.Fab)
      (effects (font (size 1 1) (thickness 0.15)) (justify mirror))
    )
    (fp_line (start -1 -0.6) (end -1 0.6) (layer B.Fab) (width 0.1))
    (fp_line (start -1 0.6) (end 1 0.6) (layer B.Fab) (width 0.1))
    (fp_line (start 1 0.6) (end 1 -0.6) (layer B.Fab) (width 0.1))
    (fp_line (start 1 -0.6) (end -1 -0.6) (layer B.Fab) (width 0.1))
    (fp_line (start -0.258578 0.71) (end 0.258578 0.71) (layer B.SilkS) (width 0.12))
    (fp_line (start -0.258578 -0.71) (end 0.258578 -0.71) (layer B.SilkS) (width 0.12))
    (fp_line (start -1.68 -0.95) (end -1.68 0.95) (layer B.CrtYd) (width 0.05))
    (fp_line (start -1.68 0.95) (end 1.68 0.95) (layer B.CrtYd) (width 0.05))
    (fp_line (start 1.68 0.95) (end 1.68 -0.95) (layer B.CrtYd) (width 0.05))
    (fp_line (start 1.68 -0.95) (end -1.68 -0.95) (layer B.CrtYd) (width 0.05))
    (fp_text user %R (at 0 0 180) (layer B.Fab)
      (effects (font (size 0.5 0.5) (thickness 0.08)) (justify mirror))
    )
    (pad 1 smd roundrect (at -0.9375 0 180) (size 0.975 1.4) (layers B.Cu B.Paste B.Mask) (roundrect_rratio 0.25)
      (net 1 +5V))
    (pad 2 smd roundrect (at 0.9375 0 180) (size 0.975 1.4) (layers B.Cu B.Paste B.Mask) (roundrect_rratio 0.25)
      (net 65 "Net-(R6-Pad2)"))
    (model ${KISYS3DMOD}/Resistor_SMD.3dshapes/R_0805_2012Metric.wrl
      (at (xyz 0 0 0))
      (scale (xyz 1 1 1))
      (rotate (xyz 0 0 0))
    )
  )

  (module Package_SO:SOIC-14_3.9x8.7mm_P1.27mm (layer B.Cu) (tedit 5A02F2D3) (tstamp 5BA6F35C)
    (at 135.2 160.6 90)
    (descr "14-Lead Plastic Small Outline (SL) - Narrow, 3.90 mm Body [SOIC] (see Microchip Packaging Specification 00000049BS.pdf)")
    (tags "SOIC 1.27")
    (path /5B97155A)
    (attr smd)
    (fp_text reference U1 (at -4.6 5.5 90) (layer B.SilkS)
      (effects (font (size 1 1) (thickness 0.15)) (justify mirror))
    )
    (fp_text value 74HCT00 (at 0 -5.375 90) (layer B.Fab)
      (effects (font (size 1 1) (thickness 0.15)) (justify mirror))
    )
    (fp_text user %R (at 0 0 90) (layer B.Fab)
      (effects (font (size 0.9 0.9) (thickness 0.135)) (justify mirror))
    )
    (fp_line (start -0.95 4.35) (end 1.95 4.35) (layer B.Fab) (width 0.15))
    (fp_line (start 1.95 4.35) (end 1.95 -4.35) (layer B.Fab) (width 0.15))
    (fp_line (start 1.95 -4.35) (end -1.95 -4.35) (layer B.Fab) (width 0.15))
    (fp_line (start -1.95 -4.35) (end -1.95 3.35) (layer B.Fab) (width 0.15))
    (fp_line (start -1.95 3.35) (end -0.95 4.35) (layer B.Fab) (width 0.15))
    (fp_line (start -3.7 4.65) (end -3.7 -4.65) (layer B.CrtYd) (width 0.05))
    (fp_line (start 3.7 4.65) (end 3.7 -4.65) (layer B.CrtYd) (width 0.05))
    (fp_line (start -3.7 4.65) (end 3.7 4.65) (layer B.CrtYd) (width 0.05))
    (fp_line (start -3.7 -4.65) (end 3.7 -4.65) (layer B.CrtYd) (width 0.05))
    (fp_line (start -2.075 4.45) (end -2.075 4.425) (layer B.SilkS) (width 0.15))
    (fp_line (start 2.075 4.45) (end 2.075 4.335) (layer B.SilkS) (width 0.15))
    (fp_line (start 2.075 -4.45) (end 2.075 -4.335) (layer B.SilkS) (width 0.15))
    (fp_line (start -2.075 -4.45) (end -2.075 -4.335) (layer B.SilkS) (width 0.15))
    (fp_line (start -2.075 4.45) (end 2.075 4.45) (layer B.SilkS) (width 0.15))
    (fp_line (start -2.075 -4.45) (end 2.075 -4.45) (layer B.SilkS) (width 0.15))
    (fp_line (start -2.075 4.425) (end -3.45 4.425) (layer B.SilkS) (width 0.15))
    (pad 1 smd rect (at -2.7 3.81 90) (size 1.5 0.6) (layers B.Cu B.Paste B.Mask)
      (net 49 ~OUT))
    (pad 2 smd rect (at -2.7 2.54 90) (size 1.5 0.6) (layers B.Cu B.Paste B.Mask)
      (net 49 ~OUT))
    (pad 3 smd rect (at -2.7 1.27 90) (size 1.5 0.6) (layers B.Cu B.Paste B.Mask)
      (net 66 /OUT))
    (pad 4 smd rect (at -2.7 0 90) (size 1.5 0.6) (layers B.Cu B.Paste B.Mask)
      (net 42 A20))
    (pad 5 smd rect (at -2.7 -1.27 90) (size 1.5 0.6) (layers B.Cu B.Paste B.Mask)
      (net 66 /OUT))
    (pad 6 smd rect (at -2.7 -2.54 90) (size 1.5 0.6) (layers B.Cu B.Paste B.Mask)
      (net 67 ~WE))
    (pad 7 smd rect (at -2.7 -3.81 90) (size 1.5 0.6) (layers B.Cu B.Paste B.Mask)
      (net 37 GND))
    (pad 8 smd rect (at 2.7 -3.81 90) (size 1.5 0.6) (layers B.Cu B.Paste B.Mask)
      (net 68 /~A20))
    (pad 9 smd rect (at 2.7 -2.54 90) (size 1.5 0.6) (layers B.Cu B.Paste B.Mask)
      (net 42 A20))
    (pad 10 smd rect (at 2.7 -1.27 90) (size 1.5 0.6) (layers B.Cu B.Paste B.Mask)
      (net 42 A20))
    (pad 11 smd rect (at 2.7 0 90) (size 1.5 0.6) (layers B.Cu B.Paste B.Mask)
      (net 69 ~OE))
    (pad 12 smd rect (at 2.7 1.27 90) (size 1.5 0.6) (layers B.Cu B.Paste B.Mask)
      (net 66 /OUT))
    (pad 13 smd rect (at 2.7 2.54 90) (size 1.5 0.6) (layers B.Cu B.Paste B.Mask)
      (net 68 /~A20))
    (pad 14 smd rect (at 2.7 3.81 90) (size 1.5 0.6) (layers B.Cu B.Paste B.Mask)
      (net 1 +5V))
    (model ${KISYS3DMOD}/Package_SO.3dshapes/SOIC-14_3.9x8.7mm_P1.27mm.wrl
      (at (xyz 0 0 0))
      (scale (xyz 1 1 1))
      (rotate (xyz 0 0 0))
    )
  )

  (module Package_SO:TSOP-I-48_18.4x12mm_P0.5mm (layer B.Cu) (tedit 5A02F25C) (tstamp 5B975F91)
    (at 118.616 162.0038 90)
    (descr "TSOP I, 32 pins, 18.4x8mm body (https://www.micron.com/~/media/documents/products/technical-note/nor-flash/tn1225_land_pad_design.pdf)")
    (tags "TSOP I 32")
    (path /5BA76109)
    (attr smd)
    (fp_text reference U2 (at 0 7 90) (layer B.SilkS)
      (effects (font (size 1 1) (thickness 0.15)) (justify mirror))
    )
    (fp_text value 29f800-TSOP48 (at 0 -7 90) (layer B.Fab)
      (effects (font (size 1 1) (thickness 0.15)) (justify mirror))
    )
    (fp_line (start -10.55 -6.25) (end -10.55 6.25) (layer B.CrtYd) (width 0.05))
    (fp_line (start 10.55 -6.25) (end -10.55 -6.25) (layer B.CrtYd) (width 0.05))
    (fp_line (start 10.55 6.25) (end 10.55 -6.25) (layer B.CrtYd) (width 0.05))
    (fp_line (start -10.55 6.25) (end 10.55 6.25) (layer B.CrtYd) (width 0.05))
    (fp_line (start -9.2 -6.12) (end 9.2 -6.12) (layer B.SilkS) (width 0.12))
    (fp_line (start 9.2 6.12) (end -10.2 6.12) (layer B.SilkS) (width 0.1))
    (fp_line (start -8.2 6) (end -9.2 5) (layer B.Fab) (width 0.1))
    (fp_text user %R (at 0 0 90) (layer B.Fab)
      (effects (font (size 1 1) (thickness 0.15)) (justify mirror))
    )
